0.673504
0.221368
0.620513
0.229915
0.652137
0.101709
0.0675214
0.482906
0.111966
0.329915
0.525641
0.211966
0.266667
0.282906
0.481197
0.482906
0
0.0418803
0
0.235043
0.748718
0.782906
0.616239
0.452137
0.488034
0.933333
0.702564
0.608547
0.598291
0.490598
0.0923077
0
0.0230769
0.289744
0.000854701
0.0333333
0
0.179487
0.155556
0
0.00683761
0.00598291
0.0017094
0
0
0.0461538
0.0384615
0.0803419
0.00598291
0.170085
0.0230769
0.0034188
0.0811966
0.00598291
0.0128205
0.0581197
0.0461538
0.057265
0.0145299
0.0521368
0.0239316
0.0803419
0.182051
0.0299145
0.0529915
0.169231
0.117949
0.264957
0.238462
0.0589744
0.194017
0.0452991
0.109402
0.0119658
0.136752
0.0264957
0.000854701
0.113675
0.0222222
0.0153846
0.188034
0.0034188
0.409402
0.0452991
0.0641026
0.00854701
0.367521
0.737607
0.700855
0.194017
0.00854701
0.0162393
0.268376
0.0863248
0.106838
0.202564
0.346154
0.435897
0.389744
0
0.207692
0.0025641
0.0470085
0.158974
0.0282051
0.0478632
0.0666667
0.0940171
0.00769231
0.0179487
0.377778
0.165812
0.135043
0.177778
0
0.0222222
0.14359
0.103419
0.0034188
0.0111111
0.195726
0.0205128
0.37265
0.0025641
0.112821
0
0.287179
0.232479
0.18547
0.00854701
0.445299
0.0025641
0.00598291
0.0017094
0
0.14188
0
0.00512821
0.202564
0.0025641
0.312821
0.108547
0.41453
0.479487
0.0145299
0.219658
0.64359
0.017094
0.000854701
0.307692
0.581197
0.0017094
0.348718
0.234188
0.296581
0.00769231
0.0282051
0.358974
0.674359
0.204274
